              precision    recall  f1-score   support

           0     0.0000    0.0000    0.0000       100
           1     0.0000    0.0000    0.0000       100
           2     0.0000    0.0000    0.0000       100
           3     0.0000    0.0000    0.0000       100
           4     0.0794    0.0500    0.0613       100
           5     0.2727    0.0300    0.0541       100
           6     0.1443    0.5700    0.2303       100
           7     0.2198    0.2000    0.2094       100
           8     0.7143    0.0500    0.0935       100
           9     0.0000    0.0000    0.0000       100
          10     0.0000    0.0000    0.0000       100
          11     0.0683    0.6300    0.1233       100
          12     0.0000    0.0000    0.0000       100
          13     0.0000    0.0000    0.0000       100
          14     0.0000    0.0000    0.0000       100

    accuracy                         0.1020      1500
   macro avg     0.0999    0.1020    0.0515      1500
weighted avg     0.0999    0.1020    0.0515      1500


Keras test_acc: 0.10199999809265137
Keras test_loss: 2.7553482055664062
Sklearn accuracy: 0.102
