              precision    recall  f1-score   support

           0     0.0000    0.0000    0.0000       100
           1     0.0943    0.0500    0.0654       100
           2     0.0571    0.0200    0.0296       100
           3     0.0909    0.0100    0.0180       100
           4     0.0930    0.0400    0.0559       100
           5     0.1818    0.0200    0.0360       100
           6     0.0455    0.0100    0.0164       100
           7     0.0833    0.0100    0.0179       100
           8     0.0000    0.0000    0.0000       100
           9     0.0000    0.0000    0.0000       100
          10     0.0691    0.8300    0.1276       100
          11     0.1765    0.0300    0.0513       100
          12     0.0909    0.0200    0.0328       100
          13     0.0000    0.0000    0.0000       100
          14     0.0612    0.0300    0.0403       100

    accuracy                         0.0713      1500
   macro avg     0.0696    0.0713    0.0327      1500
weighted avg     0.0696    0.0713    0.0327      1500


Accuracy: 0.07133333333333333