              precision    recall  f1-score   support

           0     0.0556    0.0100    0.0169       100
           1     0.0870    0.0200    0.0325       100
           2     0.0455    0.0100    0.0164       100
           3     0.0000    0.0000    0.0000       100
           4     0.0833    0.0200    0.0323       100
           5     0.0714    0.0100    0.0175       100
           6     0.0741    0.0200    0.0315       100
           7     0.0000    0.0000    0.0000       100
           8     0.0000    0.0000    0.0000       100
           9     0.0714    0.0100    0.0175       100
          10     0.0689    0.8300    0.1272       100
          11     0.1379    0.0400    0.0620       100
          12     0.0667    0.0100    0.0174       100
          13     0.1111    0.0300    0.0472       100
          14     0.1034    0.0300    0.0465       100

    accuracy                         0.0693      1500
   macro avg     0.0651    0.0693    0.0310      1500
weighted avg     0.0651    0.0693    0.0310      1500


Accuracy: 0.06933333333333333