              precision    recall  f1-score   support

   n01768244     0.6981    0.7400    0.7184       100
   n02074367     0.8505    0.9100    0.8792       100
   n02099712     0.5446    0.5500    0.5473       100
   n02123045     0.6100    0.6100    0.6100       100
   n02123394     0.8095    0.5100    0.6258       100
   n02190166     0.6914    0.5600    0.6188       100
   n02206856     0.4878    0.6000    0.5381       100
   n02226429     0.5789    0.5500    0.5641       100
   n02423022     0.7400    0.7400    0.7400       100
   n02791270     0.6053    0.6900    0.6449       100
   n02917067     0.8317    0.8400    0.8358       100
   n03085013     0.7053    0.6700    0.6872       100
   n03126707     0.7059    0.7200    0.7129       100
   n03179701     0.6154    0.7200    0.6636       100
   n03250847     0.4947    0.4700    0.4821       100

    accuracy                         0.6587      1500
   macro avg     0.6646    0.6587    0.6579      1500
weighted avg     0.6646    0.6587    0.6579      1500


Validation Loss: 1.1596366826524125
Validation Accuracy: 0.6586666666666666
