              precision    recall  f1-score   support

   n01768244     0.3542    0.3400    0.3469       100
   n02074367     0.2800    0.3500    0.3111       100
   n02099712     0.2073    0.1700    0.1868       100
   n02123045     0.1651    0.1800    0.1722       100
   n02123394     0.2021    0.1900    0.1959       100
   n02190166     0.2830    0.3000    0.2913       100
   n02206856     0.1553    0.1600    0.1576       100
   n02226429     0.1261    0.1400    0.1327       100
   n02423022     0.3217    0.3700    0.3442       100
   n02791270     0.2561    0.2100    0.2308       100
   n02917067     0.4426    0.5400    0.4865       100
   n03085013     0.1798    0.1600    0.1693       100
   n03126707     0.2857    0.2400    0.2609       100
   n03179701     0.1758    0.1600    0.1675       100
   n03250847     0.1538    0.1400    0.1466       100

    accuracy                         0.2433      1500
   macro avg     0.2393    0.2433    0.2400      1500
weighted avg     0.2393    0.2433    0.2400      1500


Test Accuracy: 0.24333333333333335