              precision    recall  f1-score   support

   n01768244     0.3396    0.1800    0.2353       100
   n02074367     0.2500    0.1600    0.1951       100
   n02099712     0.1915    0.2700    0.2241       100
   n02123045     0.2110    0.2300    0.2201       100
   n02123394     0.2041    0.2000    0.2020       100
   n02190166     0.3580    0.2900    0.3204       100
   n02206856     0.1493    0.1000    0.1198       100
   n02226429     0.2424    0.1600    0.1928       100
   n02423022     0.3333    0.2800    0.3043       100
   n02791270     0.2338    0.1800    0.2034       100
   n02917067     0.2832    0.6400    0.3926       100
   n03085013     0.3091    0.1700    0.2194       100
   n03126707     0.2319    0.3200    0.2689       100
   n03179701     0.1377    0.2300    0.1723       100
   n03250847     0.2297    0.1700    0.1954       100

    accuracy                         0.2387      1500
   macro avg     0.2470    0.2387    0.2311      1500
weighted avg     0.2470    0.2387    0.2311      1500


Test Accuracy: 0.23866666666666667