              precision    recall  f1-score   support

   n01768244     0.2941    0.3000    0.2970       100
   n02074367     0.3226    0.4000    0.3571       100
   n02099712     0.2439    0.2000    0.2198       100
   n02123045     0.1714    0.1800    0.1756       100
   n02123394     0.2118    0.1800    0.1946       100
   n02190166     0.2525    0.2500    0.2513       100
   n02206856     0.1429    0.1100    0.1243       100
   n02226429     0.1538    0.1800    0.1659       100
   n02423022     0.3714    0.3900    0.3805       100
   n02791270     0.2083    0.2000    0.2041       100
   n02917067     0.4333    0.5200    0.4727       100
   n03085013     0.1818    0.1200    0.1446       100
   n03126707     0.3394    0.3700    0.3541       100
   n03179701     0.1736    0.2100    0.1900       100
   n03250847     0.1413    0.1300    0.1354       100

    accuracy                         0.2493      1500
   macro avg     0.2428    0.2493    0.2445      1500
weighted avg     0.2428    0.2493    0.2445      1500


Test Accuracy: 0.24933333333333332