              precision    recall  f1-score   support

           0     0.2846    0.3500    0.3139       100
           1     0.2800    0.2800    0.2800       100
           2     0.2366    0.2200    0.2280       100
           3     0.2981    0.3100    0.3039       100
           4     0.2018    0.2300    0.2150       100
           5     0.1696    0.1900    0.1792       100
           6     0.2054    0.2300    0.2170       100
           7     0.1633    0.1600    0.1616       100
           8     0.4528    0.4800    0.4660       100
           9     0.3614    0.3000    0.3279       100
          10     0.2830    0.3000    0.2913       100
          11     0.2447    0.2300    0.2371       100
          12     0.1149    0.1000    0.1070       100
          13     0.2043    0.1900    0.1969       100
          14     0.1467    0.1100    0.1257       100

    accuracy                         0.2453      1500
   macro avg     0.2431    0.2453    0.2434      1500
weighted avg     0.2431    0.2453    0.2434      1500


Accuracy: 0.24533333333333332